%%MatrixMarket matrix coordinate real general
%
1024 1024 23716
1 1 0.8888888888888831
1 2 0.2222222222222208
1 3 -0.04444444444444426
1 33 0.2222222222222208
1 34 -0.06944444444444363
1 35 -0.03611111111111091
1 65 -0.04444444444444428
1 66 -0.03611111111111093
1 67 -0.00277777777777777
2 1 0.2222222222222208
2 2 1.06666666666666
2 3 0.1777777777777765
2 4 -0.04444444444444426
2 33 -0.06944444444444366
2 34 0.1166666666666661
2 35 -0.1055555555555544
2 36 -0.03611111111111091
2 65 -0.03611111111111093
2 66 -0.08333333333333301
2 67 -0.0388888888888887
2 68 -0.002777777777777769
3 1 -0.04444444444444426
3 2 0.1777777777777765
3 3 1.06666666666666
3 4 0.1777777777777765
3 5 -0.04444444444444427
3 33 -0.03611111111111093
3 34 -0.1055555555555547
3 35 0.1166666666666661
3 36 -0.1055555555555544
3 37 -0.03611111111111091
3 65 -0.002777777777777771
3 66 -0.03888888888888872
3 67 -0.08333333333333295
3 68 -0.03888888888888868
3 69 -0.002777777777777769
4 2 -0.04444444444444426
4 3 0.1777777777777765
4 4 1.066666666666659
4 5 0.1777777777777766
4 6 -0.04444444444444429
4 34 -0.03611111111111094
4 35 -0.1055555555555547
4 36 0.1166666666666661
4 37 -0.1055555555555544
4 38 -0.03611111111111093
4 66 -0.002777777777777772
4 67 -0.0388888888888887
4 68 -0.08333333333333295
4 69 -0.03888888888888869
4 70 -0.002777777777777772
5 3 -0.04444444444444427
5 4 0.1777777777777766
5 5 1.06666666666666
5 6 0.1777777777777769
5 7 -0.0444444444444443
5 35 -0.03611111111111094
5 36 -0.1055555555555546
5 37 0.1166666666666658
5 38 -0.1055555555555541
5 39 -0.03611111111111093
5 67 -0.002777777777777771
5 68 -0.03888888888888871
5 69 -0.08333333333333305
5 70 -0.03888888888888869
5 71 -0.002777777777777771
6 4 -0.04444444444444429
6 5 0.1777777777777769
6 6 1.066666666666659
6 7 0.1777777777777767
6 8 -0.04444444444444436
6 36 -0.03611111111111098
6 37 -0.1055555555555546
6 38 0.1166666666666659
6 39 -0.1055555555555541
6 40 -0.03611111111111098
6 68 -0.002777777777777775
6 69 -0.03888888888888872
6 70 -0.08333333333333302
6 71 -0.03888888888888866
6 72 -0.002777777777777773
7 5 -0.0444444444444443
7 6 0.1777777777777767
7 7 1.066666666666659
7 8 0.1777777777777764
7 9 -0.04444444444444438
7 37 -0.03611111111111098
7 38 -0.1055555555555547
7 39 0.116666666666666
7 40 -0.1055555555555543
7 41 -0.036111111111111
7 69 -0.002777777777777776
7 70 -0.0388888888888887
7 71 -0.08333333333333291
7 72 -0.03888888888888863
7 73 -0.002777777777777774
8 6 -0.04444444444444436
8 7 0.1777777777777764
8 8 1.066666666666659
8 9 0.1777777777777766
8 10 -0.04444444444444431
8 38 -0.03611111111111101
8 39 -0.1055555555555545
8 40 0.1166666666666661
8 41 -0.1055555555555543
8 42 -0.03611111111111094
8 70 -0.002777777777777775
8 71 -0.03888888888888864
8 72 -0.0833333333333329
8 73 -0.03888888888888868
8 74 -0.002777777777777773
9 7 -0.04444444444444438
9 8 0.1777777777777766
9 9 1.066666666666659
9 10 0.177777777777777
9 11 -0.04444444444444425
9 39 -0.03611111111111101
9 40 -0.1055555555555545
9 41 0.1166666666666657
9 42 -0.1055555555555542
9 43 -0.03611111111111089
9 71 -0.002777777777777774
9 72 -0.0388888888888887
9 73 -0.08333333333333308
9 74 -0.03888888888888871
9 75 -0.002777777777777771
10 8 -0.04444444444444431
10 9 0.177777777777777
10 10 1.066666666666659
10 11 0.1777777777777772
10 12 -0.04444444444444431
10 40 -0.03611111111111096
10 41 -0.1055555555555545
10 42 0.1166666666666656
10 43 -0.105555555555554
10 44 -0.03611111111111092
10 72 -0.002777777777777774
10 73 -0.03888888888888874
10 74 -0.08333333333333313
10 75 -0.0388888888888887
10 76 -0.002777777777777771
11 9 -0.04444444444444425
11 10 0.1777777777777772
11 11 1.066666666666659
11 12 0.1777777777777763
11 13 -0.04444444444444438
11 41 -0.03611111111111096
11 42 -0.1055555555555546
11 43 0.1166666666666659
11 44 -0.1055555555555542
11 45 -0.03611111111111098
11 73 -0.002777777777777777
11 74 -0.03888888888888875
11 75 -0.08333333333333297
11 76 -0.03888888888888863
11 77 -0.002777777777777774
12 10 -0.04444444444444431
12 11 0.1777777777777763
12 12 1.066666666666659
12 13 0.1777777777777763
12 14 -0.04444444444444436
12 42 -0.03611111111111101
12 43 -0.1055555555555548
12 44 0.1166666666666664
12 45 -0.1055555555555543
12 46 -0.03611111111111099
12 74 -0.002777777777777775
12 75 -0.03888888888888865
12 76 -0.08333333333333284
12 77 -0.03888888888888864
12 78 -0.002777777777777774
13 11 -0.04444444444444438
13 12 0.1777777777777763
13 13 1.066666666666659
13 14 0.1777777777777767
13 15 -0.04444444444444437
13 43 -0.03611111111111103
13 44 -0.1055555555555546
13 45 0.1166666666666662
13 46 -0.1055555555555543
13 47 -0.03611111111111098
13 75 -0.002777777777777773
13 76 -0.03888888888888864
13 77 -0.08333333333333291
13 78 -0.03888888888888869
13 79 -0.002777777777777775
14 12 -0.04444444444444436
14 13 0.1777777777777767
14 14 1.066666666666659
14 15 0.1777777777777761
14 16 -0.04444444444444441
14 44 -0.036111111111111
14 45 -0.1055555555555543
14 46 0.116666666666666
14 47 -0.1055555555555542
14 48 -0.03611111111111099
14 76 -0.002777777777777773
14 77 -0.03888888888888866
14 78 -0.08333333333333297
14 79 -0.03888888888888867
14 80 -0.002777777777777771
15 13 -0.04444444444444437
15 14 0.1777777777777761
15 15 1.066666666666658
15 16 0.1777777777777761
15 17 -0.04444444444444429
15 45 -0.03611111111111098
15 46 -0.1055555555555546
15 47 0.1166666666666662
15 48 -0.1055555555555544
15 49 -0.03611111111111095
15 77 -0.002777777777777773
15 78 -0.03888888888888868
15 79 -0.08333333333333283
15 80 -0.0388888888888886
15 81 -0.002777777777777773
16 14 -0.04444444444444441
16 15 0.1777777777777761
16 16 1.06666666666666
16 17 0.1777777777777775
16 18 -0.04444444444444422
16 46 -0.03611111111111105
16 47 -0.1055555555555547
16 48 0.1166666666666659
16 49 -0.1055555555555541
16 50 -0.03611111111111087
16 78 -0.002777777777777776
16 79 -0.03888888888888863
16 80 -0.083333333333333
16 81 -0.03888888888888875
16 82 -0.002777777777777774
17 15 -0.04444444444444429
17 16 0.1777777777777775
17 17 1.06666666666666
17 18 0.1777777777777768
17 19 -0.04444444444444442
17 47 -0.03611111111111095
17 48 -0.1055555555555544
17 49 0.1166666666666656
17 50 -0.105555555555554
17 51 -0.036111111111111
17 79 -0.002777777777777774
17 80 -0.03888888888888876
17 81 -0.08333333333333312
17 82 -0.03888888888888868
17 83 -0.002777777777777776
18 16 -0.04444444444444422
18 17 0.1777777777777768
18 18 1.066666666666658
18 19 0.1777777777777757
18 20 -0.04444444444444431
18 48 -0.03611111111111093
18 49 -0.1055555555555547
18 50 0.1166666666666662
18 51 -0.1055555555555545
18 52 -0.03611111111111098
18 80 -0.002777777777777774
18 81 -0.03888888888888865
18 82 -0.08333333333333277
18 83 -0.03888888888888863
18 84 -0.002777777777777776
19 17 -0.04444444444444442
19 18 0.1777777777777757
19 19 1.066666666666659
19 20 0.1777777777777777
19 21 -0.04444444444444422
19 49 -0.03611111111111105
19 50 -0.1055555555555547
19 51 0.1166666666666659
19 52 -0.1055555555555542
19 53 -0.0361111111111109
19 81 -0.002777777777777771
19 82 -0.03888888888888857
19 83 -0.08333333333333297
19 84 -0.03888888888888878
19 85 -0.002777777777777774
20 18 -0.04444444444444431
20 19 0.1777777777777777
20 20 1.06666666666666
20 21 0.1777777777777769
20 22 -0.04444444444444429
20 50 -0.03611111111111097
20 51 -0.1055555555555542
20 52 0.1166666666666656
20 53 -0.1055555555555544
20 54 -0.036111111111111
20 82 -0.00277777777777777
20 83 -0.03888888888888874
20 84 -0.0833333333333332
20 85 -0.03888888888888874
20 86 -0.002777777777777776
21 19 -0.04444444444444422
21 20 0.1777777777777769
21 21 1.066666666666659
21 22 0.177777777777777
21 23 -0.0444444444444442
21 51 -0.03611111111111091
21 52 -0.1055555555555544
21 53 0.1166666666666656
21 54 -0.1055555555555545
21 55 -0.03611111111111087
21 83 -0.002777777777777773
21 84 -0.03888888888888872
21 85 -0.08333333333333301
21 86 -0.0388888888888887
21 87 -0.002777777777777772
22 20 -0.04444444444444429
22 21 0.177777777777777
22 22 1.06666666666666
22 23 0.177777777777778
22 24 -0.04444444444444414
22 52 -0.03611111111111091
22 53 -0.1055555555555545
22 54 0.1166666666666649
22 55 -0.1055555555555538
22 56 -0.0361111111111108
22 84 -0.002777777777777772
22 85 -0.0388888888888887
22 86 -0.08333333333333329
22 87 -0.03888888888888882
22 88 -0.002777777777777767
23 21 -0.0444444444444442
23 22 0.177777777777778
23 23 1.06666666666666
23 24 0.1777777777777777
23 25 -0.04444444444444422
23 53 -0.03611111111111088
23 54 -0.1055555555555544
23 55 0.116666666666665
23 56 -0.105555555555554
23 57 -0.03611111111111089
23 85 -0.002777777777777774
23 86 -0.03888888888888888
23 87 -0.08333333333333334
23 88 -0.03888888888888869
23 89 -0.002777777777777771
24 22 -0.04444444444444414
24 23 0.1777777777777777
24 24 1.06666666666666
24 25 0.1777777777777767
24 26 -0.04444444444444431
24 54 -0.03611111111111092
24 55 -0.1055555555555546
24 56 0.1166666666666658
24 57 -0.105555555555554
24 58 -0.03611111111111093
24 86 -0.00277777777777778
24 87 -0.03888888888888875
24 88 -0.083333333333333
24 89 -0.03888888888888866
24 90 -0.002777777777777772
25 23 -0.04444444444444422
25 24 0.1777777777777767
25 25 1.066666666666659
25 26 0.1777777777777768
25 27 -0.04444444444444433
25 55 -0.03611111111111098
25 56 -0.1055555555555548
25 57 0.1166666666666658
25 58 -0.1055555555555541
25 59 -0.03611111111111094
25 87 -0.002777777777777777
25 88 -0.03888888888888871
25 89 -0.08333333333333295
25 90 -0.03888888888888864
25 91 -0.002777777777777772
26 24 -0.04444444444444431
26 25 0.1777777777777768
26 26 1.066666666666659
26 27 0.1777777777777766
26 28 -0.04444444444444431
26 56 -0.03611111111111102
26 57 -0.1055555555555547
26 58 0.116666666666666
26 59 -0.105555555555554
26 60 -0.03611111111111094
26 88 -0.002777777777777776
26 89 -0.03888888888888866
26 90 -0.08333333333333294
26 91 -0.0388888888888887
26 92 -0.002777777777777775
27 25 -0.04444444444444433
27 26 0.1777777777777766
27 27 1.06666666666666
27 28 0.1777777777777768
27 29 -0.04444444444444431
27 57 -0.03611111111111098
27 58 -0.1055555555555547
27 59 0.116666666666666
27 60 -0.1055555555555541
27 61 -0.03611111111111093
27 89 -0.002777777777777775
27 90 -0.0388888888888887
27 91 -0.08333333333333301
27 92 -0.03888888888888871
27 93 -0.002777777777777773
28 26 -0.04444444444444431
28 27 0.1777777777777768
28 28 1.066666666666659
28 29 0.1777777777777764
28 30 -0.04444444444444433
28 58 -0.03611111111111098
28 59 -0.1055555555555546
28 60 0.1166666666666657
28 61 -0.1055555555555543
28 62 -0.03611111111111094
28 90 -0.002777777777777772
28 91 -0.03888888888888868
28 92 -0.08333333333333302
28 93 -0.03888888888888867
28 94 -0.002777777777777772
29 27 -0.04444444444444431
29 28 0.1777777777777764
29 29 1.066666666666659
29 30 0.1777777777777765
29 31 -0.04444444444444438
29 59 -0.03611111111111098
29 60 -0.1055555555555546
29 61 0.116666666666666
29 62 -0.1055555555555541
29 63 -0.03611111111111097
29 91 -0.002777777777777775
29 92 -0.03888888888888869
29 93 -0.0833333333333329
29 94 -0.03888888888888863
29 95 -0.002777777777777774
30 28 -0.04444444444444433
30 29 0.1777777777777765
30 30 1.066666666666658
30 31 0.1777777777777755
30 32 -0.0444444444444445
30 60 -0.036111111111111
30 61 -0.1055555555555547
30 62 0.1166666666666663
30 63 -0.1055555555555541
30 64 -0.03611111111111101
30 92 -0.002777777777777775
30 93 -0.03888888888888863
30 94 -0.08333333333333283
30 95 -0.03888888888888865
30 96 -0.002777777777777774
31 29 -0.04444444444444438
31 30 0.1777777777777755
31 31 1.066666666666658
31 32 0.22222222222222
31 61 -0.03611111111111103
31 62 -0.1055555555555548
31 63 0.1166666666666669
31 64 -0.06944444444444299
31 93 -0.002777777777777772
31 94 -0.03888888888888862
31 95 -0.0833333333333327
31 96 -0.03611111111111075
32 30 -0.0444444444444445
32 31 0.22222222222222
32 32 0.8888888888888824
32 62 -0.03611111111111114
32 63 -0.06944444444444417
32 64 0.2222222222222211
32 94 -0.002777777777777773
32 95 -0.0361111111111108
32 96 -0.04444444444444405
33 1 0.2222222222222208
33 2 -0.06944444444444366
33 3 -0.03611111111111093
33 33 1.066666666666659
33 34 0.1166666666666662
33 35 -0.08333333333333291
33 65 0.1777777777777764
33 66 -0.1055555555555545
33 67 -0.03888888888888868
33 97 -0.04444444444444428
33 98 -0.03611111111111093
33 99 -0.00277777777777777
34 1 -0.06944444444444363
34 2 0.1166666666666661
34 3 -0.1055555555555547
34 4 -0.03611111111111094
34 33 0.1166666666666662
34 34 1.099999999999993
34 35 0.03333333333333341
34 36 -0.08333333333333294
34 65 -0.1055555555555546
34 66 0.0333333333333331
34 67 -0.1444444444444432
34 68 -0.0388888888888887
34 97 -0.03611111111111093
34 98 -0.08333333333333301
34 99 -0.03888888888888871
34 100 -0.00277777777777777
35 1 -0.03611111111111091
35 2 -0.1055555555555544
35 3 0.1166666666666661
35 4 -0.1055555555555547
35 5 -0.03611111111111094
35 33 -0.08333333333333291
35 34 0.03333333333333341
35 35 1.099999999999993
35 36 0.0333333333333331
35 37 -0.08333333333333297
35 65 -0.03888888888888869
35 66 -0.1444444444444433
35 67 0.03333333333333315
35 68 -0.1444444444444433
35 69 -0.03888888888888869
35 97 -0.00277777777777777
35 98 -0.03888888888888871
35 99 -0.08333333333333297
35 100 -0.0388888888888887
35 101 -0.00277777777777777
36 2 -0.03611111111111091
36 3 -0.1055555555555544
36 4 0.1166666666666661
36 5 -0.1055555555555546
36 6 -0.03611111111111098
36 34 -0.08333333333333294
36 35 0.0333333333333331
36 36 1.099999999999993
36 37 0.03333333333333355
36 38 -0.08333333333333301
36 66 -0.0388888888888887
36 67 -0.1444444444444433
36 68 0.03333333333333315
36 69 -0.1444444444444431
36 70 -0.03888888888888872
36 98 -0.00277777777777777
36 99 -0.0388888888888887
36 100 -0.08333333333333295
36 101 -0.0388888888888887
36 102 -0.002777777777777773
37 3 -0.03611111111111091
37 4 -0.1055555555555544
37 5 0.1166666666666658
37 6 -0.1055555555555546
37 7 -0.03611111111111098
37 35 -0.08333333333333297
37 36 0.03333333333333355
37 37 1.099999999999992
37 38 0.03333333333333383
37 39 -0.08333333333333304
37 67 -0.0388888888888887
37 68 -0.1444444444444432
37 69 0.03333333333333279
37 70 -0.144444444444443
37 71 -0.03888888888888872
37 99 -0.00277777777777777
37 100 -0.03888888888888871
37 101 -0.08333333333333305
37 102 -0.0388888888888887
37 103 -0.002777777777777774
38 4 -0.03611111111111093
38 5 -0.1055555555555541
38 6 0.1166666666666659
38 7 -0.1055555555555547
38 8 -0.03611111111111101
38 36 -0.08333333333333301
38 37 0.03333333333333383
38 38 1.099999999999992
38 39 0.03333333333333352
38 40 -0.08333333333333316
38 68 -0.03888888888888873
38 69 -0.1444444444444431
38 70 0.03333333333333288
38 71 -0.144444444444443
38 72 -0.03888888888888878
38 100 -0.002777777777777774
38 101 -0.0388888888888887
38 102 -0.08333333333333301
38 103 -0.03888888888888867
38 104 -0.002777777777777774
39 5 -0.03611111111111093
39 6 -0.1055555555555541
39 7 0.116666666666666
39 8 -0.1055555555555545
39 9 -0.03611111111111101
39 37 -0.08333333333333304
39 38 0.03333333333333352
39 39 1.099999999999992
39 40 0.03333333333333306
39 41 -0.08333333333333318
39 69 -0.03888888888888874
39 70 -0.1444444444444431
39 71 0.0333333333333333
39 72 -0.1444444444444431
39 73 -0.03888888888888878
39 101 -0.002777777777777774
39 102 -0.03888888888888868
39 103 -0.0833333333333329
39 104 -0.03888888888888863
39 105 -0.002777777777777774
40 6 -0.03611111111111098
40 7 -0.1055555555555543
40 8 0.1166666666666661
40 9 -0.1055555555555545
40 10 -0.03611111111111096
40 38 -0.08333333333333316
40 39 0.03333333333333306
40 40 1.099999999999992
40 41 0.03333333333333352
40 42 -0.08333333333333301
40 70 -0.03888888888888878
40 71 -0.1444444444444432
40 72 0.0333333333333333
40 73 -0.1444444444444429
40 74 -0.03888888888888871
40 102 -0.002777777777777774
40 103 -0.03888888888888863
40 104 -0.08333333333333288
40 105 -0.03888888888888868
40 106 -0.002777777777777773
41 7 -0.036111111111111
41 8 -0.1055555555555543
41 9 0.1166666666666657
41 10 -0.1055555555555545
41 11 -0.03611111111111096
41 39 -0.08333333333333318
41 40 0.03333333333333352
41 41 1.099999999999992
41 42 0.03333333333333421
41 43 -0.08333333333333291
41 71 -0.03888888888888879
41 72 -0.1444444444444432
41 73 0.03333333333333269
41 74 -0.1444444444444429
41 75 -0.03888888888888867
41 103 -0.002777777777777774
41 104 -0.03888888888888869
41 105 -0.08333333333333308
41 106 -0.03888888888888873
41 107 -0.002777777777777773
42 8 -0.03611111111111094
42 9 -0.1055555555555542
42 10 0.1166666666666656
42 11 -0.1055555555555546
42 12 -0.03611111111111101
42 40 -0.08333333333333301
42 41 0.03333333333333421
42 42 1.099999999999992
42 43 0.03333333333333419
42 44 -0.08333333333333308
42 72 -0.03888888888888872
42 73 -0.1444444444444432
42 74 0.03333333333333237
42 75 -0.1444444444444429
42 76 -0.03888888888888875
42 104 -0.002777777777777774
42 105 -0.03888888888888873
42 106 -0.08333333333333312
42 107 -0.03888888888888871
42 108 -0.002777777777777774
43 9 -0.03611111111111089
43 10 -0.105555555555554
43 11 0.1166666666666659
43 12 -0.1055555555555548
43 13 -0.03611111111111103
43 41 -0.08333333333333291
43 42 0.03333333333333419
43 43 1.099999999999992
43 44 0.03333333333333296
43 45 -0.0833333333333332
43 73 -0.0388888888888887
43 74 -0.1444444444444432
43 75 0.03333333333333314
43 76 -0.1444444444444431
43 77 -0.03888888888888882
43 105 -0.002777777777777774
43 106 -0.03888888888888872
43 107 -0.0833333333333329
43 108 -0.03888888888888862
43 109 -0.002777777777777776
44 10 -0.03611111111111092
44 11 -0.1055555555555542
44 12 0.1166666666666664
44 13 -0.1055555555555546
44 14 -0.036111111111111
44 42 -0.08333333333333308
44 43 0.03333333333333296
44 44 1.099999999999992
44 45 0.03333333333333302
44 46 -0.08333333333333316
44 74 -0.03888888888888876
44 75 -0.1444444444444431
44 76 0.03333333333333357
44 77 -0.1444444444444432
44 78 -0.03888888888888878
44 106 -0.002777777777777774
44 107 -0.0388888888888886
44 108 -0.08333333333333282
44 109 -0.03888888888888868
44 110 -0.002777777777777774
45 11 -0.03611111111111098
45 12 -0.1055555555555543
45 13 0.1166666666666662
45 14 -0.1055555555555543
45 15 -0.03611111111111098
45 43 -0.0833333333333332
45 44 0.03333333333333302
45 45 1.099999999999992
45 46 0.03333333333333345
45 47 -0.08333333333333308
45 75 -0.03888888888888879
45 76 -0.1444444444444429
45 77 0.03333333333333325
45 78 -0.1444444444444432
45 79 -0.03888888888888875
45 107 -0.002777777777777771
45 108 -0.03888888888888865
45 109 -0.08333333333333297
45 110 -0.0388888888888887
45 111 -0.002777777777777775
46 12 -0.03611111111111099
46 13 -0.1055555555555543
46 14 0.116666666666666
46 15 -0.1055555555555546
46 16 -0.03611111111111105
46 44 -0.08333333333333316
46 45 0.03333333333333345
46 46 1.099999999999992
46 47 0.03333333333333363
46 48 -0.08333333333333322
46 76 -0.03888888888888874
46 77 -0.1444444444444428
46 78 0.03333333333333302
46 79 -0.144444444444443
46 80 -0.03888888888888878
46 108 -0.002777777777777772
46 109 -0.03888888888888867
46 110 -0.08333333333333298
46 111 -0.03888888888888868
46 112 -0.002777777777777774
47 13 -0.03611111111111098
47 14 -0.1055555555555542
47 15 0.1166666666666662
47 16 -0.1055555555555547
47 17 -0.03611111111111095
47 45 -0.08333333333333308
47 46 0.03333333333333363
47 47 1.099999999999992
47 48 0.03333333333333253
47 49 -0.08333333333333302
47 77 -0.03888888888888873
47 78 -0.1444444444444429
47 79 0.03333333333333343
47 80 -0.1444444444444432
47 81 -0.03888888888888873
47 109 -0.002777777777777773
47 110 -0.03888888888888867
47 111 -0.08333333333333283
47 112 -0.03888888888888862
47 113 -0.002777777777777774
48 14 -0.03611111111111099
48 15 -0.1055555555555544
48 16 0.1166666666666659
48 17 -0.1055555555555544
48 18 -0.03611111111111093
48 46 -0.08333333333333322
48 47 0.03333333333333253
48 48 1.099999999999992
48 49 0.03333333333333492
48 50 -0.08333333333333287
48 78 -0.03888888888888881
48 79 -0.1444444444444432
48 80 0.03333333333333278
48 81 -0.1444444444444429
48 82 -0.03888888888888868
48 110 -0.002777777777777773
48 111 -0.0388888888888886
48 112 -0.083333333333333
48 113 -0.03888888888888875
48 114 -0.002777777777777774
49 15 -0.03611111111111095
49 16 -0.1055555555555541
49 17 0.1166666666666656
49 18 -0.1055555555555547
49 19 -0.03611111111111105
49 47 -0.08333333333333302
49 48 0.03333333333333492
49 49 1.099999999999993
49 50 0.03333333333333347
49 51 -0.0833333333333333
49 79 -0.03888888888888874
49 80 -0.144444444444443
49 81 0.03333333333333245
49 82 -0.1444444444444432
49 83 -0.03888888888888885
49 111 -0.002777777777777774
49 112 -0.03888888888888876
49 113 -0.08333333333333312
49 114 -0.03888888888888867
49 115 -0.002777777777777776
50 16 -0.03611111111111087
50 17 -0.105555555555554
50 18 0.1166666666666662
50 19 -0.1055555555555547
50 20 -0.03611111111111097
50 48 -0.08333333333333287
50 49 0.03333333333333347
50 50 1.099999999999991
50 51 0.03333333333333222
50 52 -0.08333333333333305
50 80 -0.03888888888888867
50 81 -0.144444444444443
50 82 0.03333333333333383
50 83 -0.1444444444444436
50 84 -0.03888888888888879
50 112 -0.002777777777777774
50 113 -0.03888888888888864
50 114 -0.08333333333333272
50 115 -0.03888888888888859
50 116 -0.002777777777777776
51 17 -0.036111111111111
51 18 -0.1055555555555545
51 19 0.1166666666666659
51 20 -0.1055555555555542
51 21 -0.03611111111111091
51 49 -0.0833333333333333
51 50 0.03333333333333222
51 51 1.099999999999992
51 52 0.03333333333333471
51 53 -0.08333333333333288
51 81 -0.03888888888888881
51 82 -0.1444444444444428
51 83 0.03333333333333309
51 84 -0.1444444444444433
51 85 -0.03888888888888868
51 113 -0.002777777777777771
51 114 -0.03888888888888854
51 115 -0.08333333333333298
51 116 -0.03888888888888881
51 117 -0.002777777777777773
52 18 -0.03611111111111098
52 19 -0.1055555555555542
52 20 0.1166666666666656
52 21 -0.1055555555555544
52 22 -0.03611111111111091
52 50 -0.08333333333333305
52 51 0.03333333333333471
52 52 1.099999999999992
52 53 0.03333333333333384
52 54 -0.08333333333333305
52 82 -0.0388888888888887
52 83 -0.1444444444444425
52 84 0.03333333333333229
52 85 -0.1444444444444432
52 86 -0.03888888888888876
52 114 -0.00277777777777777
52 115 -0.03888888888888878
52 116 -0.08333333333333326
52 117 -0.03888888888888874
52 118 -0.002777777777777775
53 19 -0.0361111111111109
53 20 -0.1055555555555544
53 21 0.1166666666666656
53 22 -0.1055555555555545
53 23 -0.03611111111111088
53 51 -0.08333333333333288
53 52 0.03333333333333384
53 53 1.099999999999992
53 54 0.03333333333333366
53 55 -0.08333333333333269
53 83 -0.03888888888888865
53 84 -0.1444444444444429
53 85 0.03333333333333269
53 86 -0.1444444444444432
53 87 -0.03888888888888859
53 115 -0.002777777777777773
53 116 -0.03888888888888872
53 117 -0.083333333333333
53 118 -0.0388888888888887
53 119 -0.002777777777777773
54 20 -0.036111111111111
54 21 -0.1055555555555545
54 22 0.1166666666666649
54 23 -0.1055555555555544
54 24 -0.03611111111111092
54 52 -0.08333333333333305
54 53 0.03333333333333366
54 54 1.099999999999993
54 55 0.03333333333333606
54 56 -0.08333333333333273
54 84 -0.0388888888888887
54 85 -0.1444444444444432
54 86 0.03333333333333167
54 87 -0.1444444444444429
54 88 -0.03888888888888861
54 116 -0.002777777777777772
54 117 -0.0388888888888887
54 118 -0.08333333333333331
54 119 -0.03888888888888888
54 120 -0.002777777777777773
55 21 -0.03611111111111087
55 22 -0.1055555555555538
55 23 0.116666666666665
55 24 -0.1055555555555546
55 25 -0.03611111111111098
55 53 -0.08333333333333269
55 54 0.03333333333333606
55 55 1.099999999999992
55 56 0.03333333333333383
55 57 -0.08333333333333304
55 85 -0.03888888888888863
55 86 -0.1444444444444428
55 87 0.03333333333333166
55 88 -0.1444444444444429
55 89 -0.03888888888888871
55 117 -0.002777777777777774
55 118 -0.03888888888888886
55 119 -0.08333333333333334
55 120 -0.0388888888888887
55 121 -0.002777777777777771
56 22 -0.0361111111111108
56 23 -0.105555555555554
56 24 0.1166666666666658
56 25 -0.1055555555555548
56 26 -0.03611111111111102
56 54 -0.08333333333333273
56 55 0.03333333333333383
56 56 1.099999999999992
56 57 0.03333333333333363
56 58 -0.08333333333333308
56 86 -0.03888888888888864
56 87 -0.1444444444444434
56 88 0.03333333333333291
56 89 -0.1444444444444428
56 90 -0.03888888888888871
56 118 -0.002777777777777775
56 119 -0.03888888888888872
56 120 -0.08333333333333298
56 121 -0.03888888888888866
56 122 -0.002777777777777771
57 23 -0.03611111111111089
57 24 -0.105555555555554
57 25 0.1166666666666658
57 26 -0.1055555555555547
57 27 -0.03611111111111098
57 55 -0.08333333333333304
57 56 0.03333333333333363
57 57 1.099999999999992
57 58 0.03333333333333326
57 59 -0.08333333333333305
57 87 -0.03888888888888878
57 88 -0.1444444444444433
57 89 0.03333333333333306
57 90 -0.1444444444444429
57 91 -0.03888888888888874
57 119 -0.002777777777777776
57 120 -0.03888888888888871
57 121 -0.08333333333333297
57 122 -0.03888888888888861
57 123 -0.002777777777777769
58 24 -0.03611111111111093
58 25 -0.1055555555555541
58 26 0.116666666666666
58 27 -0.1055555555555547
58 28 -0.03611111111111098
58 56 -0.08333333333333308
58 57 0.03333333333333326
58 58 1.099999999999993
58 59 0.03333333333333366
58 60 -0.08333333333333307
58 88 -0.03888888888888878
58 89 -0.1444444444444434
58 90 0.03333333333333305
58 91 -0.144444444444443
58 92 -0.03888888888888876
58 120 -0.002777777777777777
58 121 -0.0388888888888887
58 122 -0.08333333333333294
58 123 -0.03888888888888864
58 124 -0.002777777777777774
59 25 -0.03611111111111094
59 26 -0.105555555555554
59 27 0.116666666666666
59 28 -0.1055555555555546
59 29 -0.03611111111111098
59 57 -0.08333333333333305
59 58 0.03333333333333366
59 59 1.099999999999992
59 60 0.03333333333333369
59 61 -0.08333333333333304
59 89 -0.03888888888888875
59 90 -0.1444444444444431
59 91 0.03333333333333306
59 92 -0.1444444444444432
59 93 -0.03888888888888872
59 121 -0.002777777777777777
59 122 -0.03888888888888872
59 123 -0.083333333333333
59 124 -0.03888888888888871
59 125 -0.002777777777777773
60 26 -0.03611111111111094
60 27 -0.1055555555555541
60 28 0.1166666666666657
60 29 -0.1055555555555546
60 30 -0.036111111111111
60 58 -0.08333333333333307
60 59 0.03333333333333369
60 60 1.099999999999992
60 61 0.03333333333333362
60 62 -0.08333333333333311
60 90 -0.03888888888888872
60 91 -0.1444444444444429
60 92 0.03333333333333292
60 93 -0.1444444444444431
60 94 -0.03888888888888875
60 122 -0.002777777777777773
60 123 -0.03888888888888868
60 124 -0.08333333333333302
60 125 -0.03888888888888867
60 126 -0.002777777777777771
61 27 -0.03611111111111093
61 28 -0.1055555555555543
61 29 0.116666666666666
61 30 -0.1055555555555547
61 31 -0.03611111111111103
61 59 -0.08333333333333304
61 60 0.03333333333333362
61 61 1.099999999999992
61 62 0.03333333333333301
61 63 -0.08333333333333318
61 91 -0.03888888888888873
61 92 -0.1444444444444431
61 93 0.03333333333333327
61 94 -0.144444444444443
61 95 -0.03888888888888882
61 123 -0.002777777777777774
61 124 -0.0388888888888887
61 125 -0.08333333333333293
61 126 -0.0388888888888886
61 127 -0.002777777777777772
62 28 -0.03611111111111094
62 29 -0.1055555555555541
62 30 0.1166666666666663
62 31 -0.1055555555555548
62 32 -0.03611111111111114
62 60 -0.08333333333333311
62 61 0.03333333333333301
62 62 1.099999999999993
62 63 0.0333333333333332
62 64 -0.08333333333333341
62 92 -0.03888888888888876
62 93 -0.1444444444444432
62 94 0.0333333333333338
62 95 -0.1444444444444437
62 96 -0.0388888888888889
62 124 -0.002777777777777777
62 125 -0.03888888888888865
62 126 -0.08333333333333276
62 127 -0.03888888888888864
62 128 -0.002777777777777778
63 29 -0.03611111111111097
63 30 -0.1055555555555541
63 31 0.1166666666666669
63 32 -0.06944444444444417
63 61 -0.08333333333333318
63 62 0.0333333333333332
63 63 1.099999999999991
63 64 0.1166666666666651
63 93 -0.03888888888888879
63 94 -0.1444444444444422
63 95 0.03333333333333418
63 96 -0.1055555555555542
63 125 -0.002777777777777774
63 126 -0.03888888888888856
63 127 -0.08333333333333273
63 128 -0.03611111111111082
64 30 -0.03611111111111101
64 31 -0.06944444444444299
64 32 0.2222222222222211
64 62 -0.08333333333333341
64 63 0.1166666666666651
64 64 1.06666666666666
64 94 -0.03888888888888878
64 95 -0.1055555555555543
64 96 0.1777777777777779
64 126 -0.002777777777777768
64 127 -0.03611111111111082
64 128 -0.04444444444444406
65 1 -0.04444444444444428
65 2 -0.03611111111111093
65 3 -0.002777777777777771
65 33 0.1777777777777764
65 34 -0.1055555555555546
65 35 -0.03888888888888869
65 65 1.066666666666659
65 66 0.1166666666666662
65 67 -0.08333333333333293
65 97 0.1777777777777764
65 98 -0.1055555555555546
65 99 -0.03888888888888868
65 129 -0.04444444444444429
65 130 -0.03611111111111093
65 131 -0.00277777777777777
66 1 -0.03611111111111093
66 2 -0.08333333333333301
66 3 -0.03888888888888872
66 4 -0.002777777777777772
66 33 -0.1055555555555545
66 34 0.0333333333333331
66 35 -0.1444444444444433
66 36 -0.0388888888888887
66 65 0.1166666666666662
66 66 1.099999999999993
66 67 0.03333333333333342
66 68 -0.08333333333333295
66 97 -0.1055555555555546
66 98 0.03333333333333304
66 99 -0.1444444444444432
66 100 -0.0388888888888887
66 129 -0.03611111111111093
66 130 -0.083333333333333
66 131 -0.03888888888888871
66 132 -0.00277777777777777
67 1 -0.00277777777777777
67 2 -0.0388888888888887
67 3 -0.08333333333333295
67 4 -0.0388888888888887
67 5 -0.002777777777777771
67 33 -0.03888888888888868
67 34 -0.1444444444444432
67 35 0.03333333333333315
67 36 -0.1444444444444433
67 37 -0.0388888888888887
67 65 -0.08333333333333293
67 66 0.03333333333333342
67 67 1.099999999999993
67 68 0.0333333333333331
67 69 -0.08333333333333295
67 97 -0.03888888888888868
67 98 -0.1444444444444432
67 99 0.03333333333333314
67 100 -0.1444444444444433
67 101 -0.03888888888888869
67 129 -0.00277777777777777
67 130 -0.03888888888888871
67 131 -0.08333333333333297
67 132 -0.0388888888888887
67 133 -0.00277777777777777
68 2 -0.002777777777777769
68 3 -0.03888888888888868
68 4 -0.08333333333333295
68 5 -0.03888888888888871
68 6 -0.002777777777777775
68 34 -0.0388888888888887
68 35 -0.1444444444444433
68 36 0.03333333333333315
68 37 -0.1444444444444432
68 38 -0.03888888888888873
68 66 -0.08333333333333295
68 67 0.0333333333333331
68 68 1.099999999999993
68 69 0.03333333333333358
68 70 -0.083333333333333
68 98 -0.03888888888888869
68 99 -0.1444444444444433
68 100 0.03333333333333312
68 101 -0.1444444444444431
68 102 -0.03888888888888871
68 130 -0.00277777777777777
68 131 -0.0388888888888887
68 132 -0.08333333333333297
68 133 -0.0388888888888887
68 134 -0.002777777777777774
69 3 -0.002777777777777769
69 4 -0.03888888888888869
69 5 -0.08333333333333305
69 6 -0.03888888888888872
69 7 -0.002777777777777776
69 35 -0.03888888888888869
69 36 -0.1444444444444431
69 37 0.03333333333333279
69 38 -0.1444444444444431
69 39 -0.03888888888888874
69 67 -0.08333333333333295
69 68 0.03333333333333358
69 69 1.099999999999992
69 70 0.03333333333333379
69 71 -0.08333333333333304
69 99 -0.0388888888888887
69 100 -0.1444444444444432
69 101 0.03333333333333273
69 102 -0.144444444444443
69 103 -0.03888888888888872
69 131 -0.00277777777777777
69 132 -0.03888888888888871
69 133 -0.08333333333333308
69 134 -0.0388888888888887
69 135 -0.002777777777777774
70 4 -0.002777777777777772
70 5 -0.03888888888888869
70 6 -0.08333333333333302
70 7 -0.0388888888888887
70 8 -0.002777777777777775
70 36 -0.03888888888888872
70 37 -0.144444444444443
70 38 0.03333333333333288
70 39 -0.1444444444444431
70 40 -0.03888888888888878
70 68 -0.083333333333333
70 69 0.03333333333333379
70 70 1.099999999999992
70 71 0.03333333333333359
70 72 -0.08333333333333318
70 100 -0.03888888888888872
70 101 -0.1444444444444431
70 102 0.03333333333333287
70 103 -0.144444444444443
70 104 -0.03888888888888877
70 132 -0.002777777777777774
70 133 -0.0388888888888887
70 134 -0.08333333333333302
70 135 -0.03888888888888868
70 136 -0.002777777777777774
71 5 -0.002777777777777771
71 6 -0.03888888888888866
71 7 -0.08333333333333291
71 8 -0.03888888888888864
71 9 -0.002777777777777774
71 37 -0.03888888888888872
71 38 -0.144444444444443
71 39 0.0333333333333333
71 40 -0.1444444444444432
71 41 -0.03888888888888879
71 69 -0.08333333333333304
71 70 0.03333333333333359
71 71 1.099999999999992
71 72 0.03333333333333292
71 73 -0.08333333333333318
71 101 -0.03888888888888872
71 102 -0.1444444444444431
71 103 0.03333333333333326
71 104 -0.1444444444444431
71 105 -0.03888888888888877
71 133 -0.002777777777777774
71 134 -0.03888888888888868
71 135 -0.08333333333333291
71 136 -0.03888888888888863
71 137 -0.002777777777777774
72 6 -0.002777777777777773
72 7 -0.03888888888888863
72 8 -0.0833333333333329
72 9 -0.0388888888888887
72 10 -0.002777777777777774
72 38 -0.03888888888888878
72 39 -0.1444444444444431
72 40 0.0333333333333333
72 41 -0.1444444444444432
72 42 -0.03888888888888872
72 70 -0.08333333333333318
72 71 0.03333333333333292
72 72 1.099999999999992
72 73 0.03333333333333353
72 74 -0.08333333333333297
72 102 -0.03888888888888878
72 103 -0.1444444444444432
72 104 0.03333333333333328
72 105 -0.1444444444444429
72 106 -0.0388888888888887
72 134 -0.002777777777777774
72 135 -0.03888888888888863
72 136 -0.08333333333333288
72 137 -0.03888888888888868
72 138 -0.002777777777777773
73 7 -0.002777777777777774
73 8 -0.03888888888888868
73 9 -0.08333333333333308
73 10 -0.03888888888888874
73 11 -0.002777777777777777
73 39 -0.03888888888888878
73 40 -0.1444444444444429
73 41 0.03333333333333269
73 42 -0.1444444444444432
73 43 -0.0388888888888887
73 71 -0.08333333333333318
73 72 0.03333333333333353
73 73 1.099999999999992
73 74 0.0333333333333343
73 75 -0.0833333333333329
73 103 -0.03888888888888878
73 104 -0.1444444444444432
73 105 0.03333333333333261
73 106 -0.144444444444443
73 107 -0.03888888888888867
73 135 -0.002777777777777774
73 136 -0.03888888888888869
73 137 -0.08333333333333309
73 138 -0.03888888888888873
73 139 -0.002777777777777773
74 8 -0.002777777777777773
74 9 -0.03888888888888871
74 10 -0.08333333333333313
74 11 -0.03888888888888875
74 12 -0.002777777777777775
74 40 -0.03888888888888871
74 41 -0.1444444444444429
74 42 0.03333333333333237
74 43 -0.1444444444444432
74 44 -0.03888888888888876
74 72 -0.08333333333333297
74 73 0.0333333333333343
74 74 1.099999999999992
74 75 0.03333333333333408
74 76 -0.08333333333333316
74 104 -0.03888888888888871
74 105 -0.1444444444444431
74 106 0.03333333333333235
74 107 -0.1444444444444429
74 108 -0.03888888888888876
74 136 -0.002777777777777774
74 137 -0.03888888888888874
74 138 -0.08333333333333313
74 139 -0.03888888888888871
74 140 -0.002777777777777774
75 9 -0.002777777777777771
75 10 -0.0388888888888887
75 11 -0.08333333333333297
75 12 -0.03888888888888865
75 13 -0.002777777777777773
75 41 -0.03888888888888867
75 42 -0.1444444444444429
75 43 0.03333333333333314
75 44 -0.1444444444444431
75 45 -0.03888888888888879
75 73 -0.0833333333333329
75 74 0.03333333333333408
75 75 1.099999999999992
75 76 0.03333333333333271
75 77 -0.08333333333333326
75 105 -0.03888888888888868
75 106 -0.1444444444444432
75 107 0.03333333333333313
75 108 -0.1444444444444432
75 109 -0.03888888888888882
75 137 -0.002777777777777774
75 138 -0.03888888888888873
75 139 -0.0833333333333329
75 140 -0.03888888888888861
75 141 -0.002777777777777774
76 10 -0.002777777777777771
76 11 -0.03888888888888863
76 12 -0.08333333333333284
76 13 -0.03888888888888864
76 14 -0.002777777777777773
76 42 -0.03888888888888875
76 43 -0.1444444444444431
76 44 0.03333333333333357
76 45 -0.1444444444444429
76 46 -0.03888888888888874
76 74 -0.08333333333333316
76 75 0.03333333333333271
76 76 1.099999999999992
76 77 0.03333333333333323
76 78 -0.08333333333333308
76 106 -0.03888888888888879
76 107 -0.1444444444444432
76 108 0.03333333333333353
76 109 -0.1444444444444431
76 110 -0.03888888888888874
76 138 -0.002777777777777774
76 139 -0.03888888888888861
76 140 -0.08333333333333283
76 141 -0.03888888888888867
76 142 -0.002777777777777772
77 11 -0.002777777777777774
77 12 -0.03888888888888864
77 13 -0.08333333333333291
77 14 -0.03888888888888866
77 15 -0.002777777777777773
77 43 -0.03888888888888882
77 44 -0.1444444444444432
77 45 0.03333333333333325
77 46 -0.1444444444444428
77 47 -0.03888888888888873
77 75 -0.08333333333333326
77 76 0.03333333333333323
77 77 1.099999999999992
77 78 0.03333333333333352
77 79 -0.08333333333333308
77 107 -0.03888888888888879
77 108 -0.1444444444444429
77 109 0.03333333333333311
77 110 -0.1444444444444432
77 111 -0.03888888888888875
77 139 -0.002777777777777774
77 140 -0.03888888888888869
77 141 -0.08333333333333298
77 142 -0.03888888888888867
77 143 -0.002777777777777774
78 12 -0.002777777777777774
78 13 -0.03888888888888869
78 14 -0.08333333333333297
78 15 -0.03888888888888868
78 16 -0.002777777777777776
78 44 -0.03888888888888878
78 45 -0.1444444444444432
78 46 0.03333333333333302
78 47 -0.1444444444444429
78 48 -0.03888888888888881
78 76 -0.08333333333333308
78 77 0.03333333333333352
78 78 1.099999999999992
78 79 0.03333333333333376
78 80 -0.08333333333333322
78 108 -0.03888888888888873
78 109 -0.1444444444444429
78 110 0.03333333333333299
78 111 -0.1444444444444431
78 112 -0.03888888888888879
78 140 -0.002777777777777776
78 141 -0.03888888888888868
78 142 -0.08333333333333297
78 143 -0.03888888888888868
78 144 -0.002777777777777774
79 13 -0.002777777777777775
79 14 -0.03888888888888867
79 15 -0.08333333333333283
79 16 -0.03888888888888863
79 17 -0.002777777777777774
79 45 -0.03888888888888875
79 46 -0.144444444444443
79 47 0.03333333333333343
79 48 -0.1444444444444432
79 49 -0.03888888888888874
79 77 -0.08333333333333308
79 78 0.03333333333333376
79 79 1.099999999999992
79 80 0.03333333333333242
79 81 -0.08333333333333302
79 109 -0.03888888888888873
79 110 -0.1444444444444429
79 111 0.03333333333333337
79 112 -0.1444444444444433
79 113 -0.03888888888888872
79 141 -0.002777777777777774
79 142 -0.03888888888888867
79 143 -0.08333333333333283
79 144 -0.03888888888888862
79 145 -0.002777777777777774
80 14 -0.002777777777777771
80 15 -0.0388888888888886
80 16 -0.083333333333333
80 17 -0.03888888888888876
80 18 -0.002777777777777774
80 46 -0.03888888888888878
80 47 -0.1444444444444432
80 48 0.03333333333333278
80 49 -0.144444444444443
80 50 -0.03888888888888867
80 78 -0.08333333333333322
80 79 0.03333333333333242
80 80 1.099999999999992
80 81 0.03333333333333488
80 82 -0.08333333333333286
80 110 -0.03888888888888879
80 111 -0.1444444444444431
80 112 0.03333333333333281
80 113 -0.1444444444444429
80 114 -0.03888888888888867
80 142 -0.002777777777777773
80 143 -0.03888888888888861
80 144 -0.083333333333333
80 145 -0.03888888888888875
80 146 -0.002777777777777773
81 15 -0.002777777777777773
81 16 -0.03888888888888875
81 17 -0.08333333333333312
81 18 -0.03888888888888865
81 19 -0.002777777777777771
81 47 -0.03888888888888873
81 48 -0.1444444444444429
81 49 0.03333333333333245
81 50 -0.144444444444443
81 51 -0.03888888888888881
81 79 -0.08333333333333302
81 80 0.03333333333333488
81 81 1.099999999999993
81 82 0.03333333333333331
81 83 -0.08333333333333338
81 111 -0.03888888888888872
81 112 -0.144444444444443
81 113 0.03333333333333238
81 114 -0.1444444444444431
81 115 -0.03888888888888886
81 143 -0.002777777777777774
81 144 -0.03888888888888876
81 145 -0.08333333333333313
81 146 -0.03888888888888865
81 147 -0.002777777777777771
82 16 -0.002777777777777774
82 17 -0.03888888888888868
82 18 -0.08333333333333277
82 19 -0.03888888888888857
82 20 -0.00277777777777777
82 48 -0.03888888888888868
82 49 -0.1444444444444432
82 50 0.03333333333333383
82 51 -0.1444444444444428
82 52 -0.0388888888888887
82 80 -0.08333333333333286
82 81 0.03333333333333331
82 82 1.099999999999991
82 83 0.03333333333333161
82 84 -0.08333333333333307
82 112 -0.03888888888888867
82 113 -0.1444444444444431
82 114 0.033333333333334
82 115 -0.1444444444444433
82 116 -0.03888888888888876
82 144 -0.002777777777777775
82 145 -0.0388888888888887
82 146 -0.08333333333333268
82 147 -0.03888888888888852
